3 0.084453125 0.7389909411764706 0.0049999999999999906 0.016008000000000026
3 0.09828125 0.8219701176470587 0.008749999999999994 0.02165700000000002
3 0.120078125 0.6853189411764705 0.0050000000000000044 0.015066000000000034
3 0.5651171875000001 0.7838562941176471 0.8668750000000001 0.4284369999999999
3 0.181953125 0.7875425294117648 0.0050000000000000044 0.01883299999999993
3 0.1847265625 0.7761273529411764 0.0025000000000000022 0.014124000000000045
3 0.278046875 0.9183646470588236 0.028124999999999956 0.03860599999999997
3 0.4454296875 0.8417441176470588 0.006249999999999978 0.022598999999999925
3 0.482578125 0.6872019411764706 0.004999999999999949 0.016007999999999942
3 0.4860546875 0.854514705882353 0.0068749999999999645 0.02542299999999985
3 0.4884765625 0.6838483529411764 0.0025000000000000022 0.014124000000000045
3 0.491953125 0.6834359411764707 0.0050000000000000044 0.01600699999999996
3 0.4984765625 0.6849065294117648 0.0037499999999999756 0.017890999999999938
3 0.582578125 0.7791847058823529 0.0050000000000000044 0.023540000000000016
